
reducing: [[[[0,[4,5]],[0,0]],[[[4,5],[2,6]],[9,5]]],[7,[[[3,7],[4,3]],[[6,3],[8,8]]]]]
exploded: [[[[4,0],[5,0]],[[[4,5],[2,6]],[9,5]]],[7,[[[3,7],[4,3]],[[6,3],[8,8]]]]]
exploded: [[[[4,0],[5,4]],[[0,[7,6]],[9,5]]],[7,[[[3,7],[4,3]],[[6,3],[8,8]]]]]
exploded: [[[[4,0],[5,4]],[[7,0],[15,5]]],[7,[[[3,7],[4,3]],[[6,3],[8,8]]]]]
exploded: [[[[4,0],[5,4]],[[7,0],[15,5]]],[10,[[0,[11,3]],[[6,3],[8,8]]]]]
exploded: [[[[4,0],[5,4]],[[7,0],[15,5]]],[10,[[11,0],[[9,3],[8,8]]]]]
exploded: [[[[4,0],[5,4]],[[7,0],[15,5]]],[10,[[11,9],[0,[11,8]]]]]
exploded: [[[[4,0],[5,4]],[[7,0],[15,5]]],[10,[[11,9],[11,0]]]]
split:    [[[[4,0],[5,4]],[[7,0],[[7,8],5]]],[10,[[11,9],[11,0]]]]
exploded: [[[[4,0],[5,4]],[[7,7],[0,13]]],[10,[[11,9],[11,0]]]]
split:    [[[[4,0],[5,4]],[[7,7],[0,[6,7]]]],[10,[[11,9],[11,0]]]]
exploded: [[[[4,0],[5,4]],[[7,7],[6,0]]],[17,[[11,9],[11,0]]]]
split:    [[[[4,0],[5,4]],[[7,7],[6,0]]],[[8,9],[[11,9],[11,0]]]]
split:    [[[[4,0],[5,4]],[[7,7],[6,0]]],[[8,9],[[[5,6],9],[11,0]]]]
exploded: [[[[4,0],[5,4]],[[7,7],[6,0]]],[[8,14],[[0,15],[11,0]]]]
split:    [[[[4,0],[5,4]],[[7,7],[6,0]]],[[8,[7,7]],[[0,15],[11,0]]]]
split:    [[[[4,0],[5,4]],[[7,7],[6,0]]],[[8,[7,7]],[[0,[7,8]],[11,0]]]]
exploded: [[[[4,0],[5,4]],[[7,7],[6,0]]],[[8,[7,7]],[[7,0],[19,0]]]]
split*:   [[[[4,0],[5,4]],[[7,7],[6,0]]],[[8,[7,7]],[[7,0],[19,0]]]]
exploded: [[[[4,0],[5,4]],[[7,7],[6,0]]],[[8,[7,7]],[[12,0],[19,0]]]]
split:    [[[[4,0],[5,4]],[[7,7],[6,0]]],[[8,[7,7]],[[[6,6],0],[19,0]]]]
exploded: [[[[4,0],[5,4]],[[7,7],[6,0]]],[[8,[7,13]],[[0,6],[19,0]]]]
split:    [[[[4,0],[5,4]],[[7,7],[6,0]]],[[8,[7,[6,7]]],[[0,6],[19,0]]]]
exploded: [[[[4,0],[5,4]],[[7,7],[6,0]]],[[8,[13,0]],[[7,6],[19,0]]]]
split:    [[[[4,0],[5,4]],[[7,7],[6,0]]],[[8,[[6,7],0]],[[7,6],[19,0]]]]
exploded: [[[[4,0],[5,4]],[[7,7],[6,0]]],[[14,[0,7]],[[7,6],[19,0]]]]
split:    [[[[4,0],[5,4]],[[7,7],[6,0]]],[[[7,7],[0,7]],[[7,6],[19,0]]]]
split:    [[[[4,0],[5,4]],[[7,7],[6,0]]],[[[7,7],[0,7]],[[7,6],[[9,10],0]]]]
exploded: [[[[4,0],[5,4]],[[7,7],[6,0]]],[[[7,7],[0,7]],[[7,15],[0,10]]]]
split:    [[[[4,0],[5,4]],[[7,7],[6,0]]],[[[7,7],[0,7]],[[7,[7,8]],[0,10]]]]
exploded: [[[[4,0],[5,4]],[[7,7],[6,0]]],[[[7,7],[0,7]],[[14,0],[8,10]]]]
split:    [[[[4,0],[5,4]],[[7,7],[6,0]]],[[[7,7],[0,7]],[[[7,7],0],[8,10]]]]
exploded: [[[[4,0],[5,4]],[[7,7],[6,0]]],[[[7,7],[0,14]],[[0,7],[8,10]]]]
split:    [[[[4,0],[5,4]],[[7,7],[6,0]]],[[[7,7],[0,[7,7]]],[[0,7],[8,10]]]]
exploded: [[[[4,0],[5,4]],[[7,7],[6,0]]],[[[7,7],[7,0]],[[7,7],[8,10]]]]
split:    [[[[4,0],[5,4]],[[7,7],[6,0]]],[[[7,7],[7,0]],[[7,7],[8,[5,5]]]]]
exploded: [[[[4,0],[5,4]],[[7,7],[6,0]]],[[[7,7],[7,0]],[[7,7],[13,0]]]]
split:    [[[[4,0],[5,4]],[[7,7],[6,0]]],[[[7,7],[7,0]],[[7,7],[[6,7],0]]]]
exploded: [[[[4,0],[5,4]],[[7,7],[6,0]]],[[[7,7],[7,0]],[[7,13],[0,7]]]]
split:    [[[[4,0],[5,4]],[[7,7],[6,0]]],[[[7,7],[7,0]],[[7,[6,7]],[0,7]]]]
exploded: [[[[4,0],[5,4]],[[7,7],[6,0]]],[[[7,7],[7,0]],[[13,0],[7,7]]]]
split:    [[[[4,0],[5,4]],[[7,7],[6,0]]],[[[7,7],[7,0]],[[[6,7],0],[7,7]]]]
exploded: [[[[4,0],[5,4]],[[7,7],[6,0]]],[[[7,7],[7,6]],[[0,7],[7,7]]]]
split:    [[[[4,0],[5,4]],[[7,7],[6,0]]],[[[7,7],[7,6]],[[0,7],[7,7]]]]
exploded: [[[[4,0],[5,4]],[[7,7],[6,0]]],[[[7,7],[7,6]],[[0,7],[12,7]]]]
split:    [[[[4,0],[5,4]],[[7,7],[6,0]]],[[[7,7],[7,6]],[[0,7],[[6,6],7]]]]
exploded: [[[[4,0],[5,4]],[[7,7],[6,0]]],[[[7,7],[7,6]],[[0,13],[0,13]]]]
split:    [[[[4,0],[5,4]],[[7,7],[6,0]]],[[[7,7],[7,6]],[[0,[6,7]],[0,13]]]]
exploded: [[[[4,0],[5,4]],[[7,7],[6,0]]],[[[7,7],[7,6]],[[6,0],[7,13]]]]
split:    [[[[4,0],[5,4]],[[7,7],[6,0]]],[[[7,7],[7,6]],[[6,0],[7,[6,7]]]]]
exploded: [[[[4,0],[5,4]],[[7,7],[6,0]]],[[[7,7],[7,6]],[[6,0],[13,0]]]]
split:    [[[[4,0],[5,4]],[[7,7],[6,0]]],[[[7,7],[7,6]],[[6,0],[[6,7],0]]]]
exploded: [[[[4,0],[5,4]],[[7,7],[6,0]]],[[[7,7],[7,6]],[[6,6],[0,7]]]]
split:    [[[[4,0],[5,4]],[[7,7],[6,0]]],[[[7,7],[7,6]],[[6,6],[0,7]]]]
exploded: [[[[4,0],[5,4]],[[7,7],[6,0]]],[[[7,7],[7,6]],[[6,6],[0,14]]]]
split:    [[[[4,0],[5,4]],[[7,7],[6,0]]],[[[7,7],[7,6]],[[6,6],[0,[7,7]]]]]
exploded: [[[[4,0],[5,4]],[[7,7],[6,0]]],[[[7,7],[7,6]],[[6,6],[7,0]]]]
[[[[4,0],[5,4]],[[7,7],[6,0]]],[[[7,7],[7,6]],[[6,6],[7,0]]]]
